distortion_model: "non-fisheye"
width: 480
height: 640
D: [0.0, 0.0, 0.0, 0.0, 0.0]
K: [606.5919189453125, 0.0, 321.0692138671875, 0.0, 606.0034790039062, 249.03347778320312, 0.0, 0.0, 1.0]